[gd_scene load_steps=2 format=2]

[sub_resource type="Curve3D" id=1]
_data = {
"points": PoolVector3Array( 0, 0, 0, 0, 0, 0, -1.17154, 0.369493, -0.049129, -0.498757, -0.987069, 0.39439, 0.498757, 0.987069, -0.39439, 1.15295, 1.02171, -0.454397, 0, 0, 0, 0, 0, 0, -1.99395, 0.177527, -0.175293, 0, 0, 0, 0, 0, 0, -1.20248, -0.513111, -0.620037, 0, 0, 0, 0, 0, 0, -1.4039, -0.28009, -1.75207, -0.504236, -0.59359, 0.228817, 0.504236, 0.59359, -0.228817, -0.774444, 0.845962, -2.66834, 0, 0, 0, 0, 0, 0, -0.457845, 1.85904, -2.21166, 0, 0, 0, 0, 0, 0, -0.766229, 1.88518, -1.6393, 0, 0, 0, 0, 0, 0, -0.962252, 2.00857, -1.16497, -0.312078, -0.104029, -0.592961, 0.312078, 0.104029, 0.592961, 0.989305, 1.76488, 1.50138, 0.0800923, 0.299642, -0.599937, -0.0800923, -0.299642, 0.599937, 1.79745, 1.80575, 2.47111, 0, 0, 0, 0, 0, 0, 0.984939, 0.615637, 3.09642, 0, 0, 0, 0, 0, 0, -0.465157, -0.069172, 2.25961, 0, 0, 0, 0, 0, 0, -2.25806, -0.403972, 0.530411, 0, 0, 0, 0, 0, 0, -2.55804, 0.168007, -0.611012, 0, 0, 0, 0, 0, 0, -1.69087, 1.18411, -0.933648, -0.450741, 0.384816, -0.237759, 0.450741, -0.384816, 0.237759, 0.0914302, 1.40373, 0.938938, 0, 0, 0, 0, 0, 0, 0.764679, 1.27085, 2.31569, 0.34722, 1.43804, 0.349395, -0.34722, -1.43804, -0.349395, 0.709994, -0.529831, 3.86998, 0, 0, 0, 0, 0, 0, -1.17154, 0.369493, -0.049129 ),
"tilts": PoolRealArray( 0, 0, 0, 0, 0, 0, 0, 0, 0, 0, 0, 0, 0, 0, 0, 0, 0, 0, 0, 0 )
}

[node name="DNALong" type="Spatial"]
transform = Transform( 0.999919, 0.0124117, -0.00278732, -0.0124124, 0.999923, -0.000221494, 0.00278436, 0.000256065, 0.999996, 0, 0, 0 )

[node name="Path" type="Path" parent="."]
transform = Transform( 0.99966, 0.0257022, 0.00417973, -0.0258429, 0.99894, 0.038104, -0.00319585, -0.0381992, 0.999265, 0, 0, 0 )
curve = SubResource( 1 )

[node name="CSGPolygon" type="CSGPolygon" parent="Path"]
transform = Transform( 0.999662, -0.0258513, -0.00317926, 0.0257113, 0.99894, -0.0381696, 0.00416254, 0.038075, 0.999266, 0, 0, 0 )
polygon = PoolVector2Array( -0.0689289, 0.0323519, -0.0777642, 0.012927, -0.0822326, -0.0034263, -0.0815577, -0.0211704, -0.0803845, -0.0392114, -0.0747387, -0.0595763, -0.0606128, -0.0742976, -0.0424982, -0.0852201, -0.0227087, -0.0942034, 0.00717478, -0.0960775, 0.0314169, -0.0931564, 0.0521772, -0.0843736, 0.0719389, -0.0667831, 0.0863944, -0.0461431, 0.0918357, -0.0253281, 0.0923766, -0.00290749, 0.0847349, 0.0194581, 0.0758719, 0.0341827, 0.0582646, 0.0480267, 0.0424246, 0.0572426, 0.0258985, 0.0612754, 0.00538631, 0.0644847, -0.017173, 0.0653435, -0.0355118, 0.059959, -0.0517857, 0.0496275 )
mode = 2
path_node = NodePath("..")
path_interval_type = 0
path_interval = 0.1
path_simplify_angle = 0.0
path_rotation = 2
path_local = false
path_continuous_u = true
path_u_distance = 1.0
path_joined = false
smooth_faces = true
